ID,Name,Subject,Currpeople,Maxpeople,Left,Top,Width,Height,Rotate
1,RA 2101,None,19,25,15,735,61,51,0
2,RA 2105,None,18,20,76,735,28,51,0
3,RA 2107,None,17,23,104,735,29,51,0
4,RA 2109,None,23,50,133,729,29,57,0
5,RA 2113,None,,,162,734,57,52,0
6,RA 2115,None,,,219,734,30,52,0
7,RA 2117,None,,,249,729,27,57,0
8,RA 2119,None,,,276,734,29,52,0
9,RA 2121,None,,,305,734,28,52,0
10,RA 2123,None,,,333,729,29,57,0
11,RA 2125,None,,,362,734,29,52,0
12,RA 2127,None,,,391,734,28,52,0
13,RA 2231,None,,,419,665,86,121,0
14,RA 2237,None,,,505,665,85,121,0
15,RA 2243,None,,,590,735,48,51,0
16,RA 2276,None,,,677,734,29,52,0
17,RA 2274,None,,,706,734,28,52,0
18,RA 2272,None,,,734,729,29,57,0
19,RA 2270,None,,,763,734,29,52,0
20,RA 2268,None,,,792,734,28,52,0
21,RA 2266,None,,,820,729,29,57,0
22,RA 2262,None,,,849,735,102,51,0
23,RA 2207,None,,,74,665,59,47,0
24,RA 2209,None,,,133,665,57,47,0
25,RA 2215,None,,,219,665,29,47,0
26,RA 2219,None,,,248,665,43,47,0
27,RA 2221,None,,,291,665,43,47,0
28,RA 2223,None,,,334,665,28,47,0
29,RA 2225,None,,,362,665,34,47,0
30,RA 2247,None,,,678,665,28,47,0
31,RA 2249,None,,,706,665,29,47,0
32,RA 2251,None,,,735,665,28,47,0
33,RA 2253,None,,,763,665,57,47,0
34,RA 2202,None,,,15,591,61,51,0
35,RA 2208,None,,,76,591,57,51,0
36,RA 2212,None,,,133,591,57,51,0
37,RA 2000VC,None,,,247,591,30,41,0
38,RA 2000VD,None,,,277,591,29,41,0
39,RA 2222,None,,,306,591,28,41,0
40,RA 2226,None,,,334,591,85,54,0
41,RA 2232,None,,,419,591,43,54,0
42,RA 2234,None,,,462,591,43,54,0
43,RA 2236,None,,,505,591,43,54,0
44,RA 2242,None,,,589,591,31,54,0
45,RA 2244,None,,,620,591,29,54,0
46,RA 2246,None,,,649,591,28,54,0
47,RA 2248,None,,,677,591,29,58,0
48,RA 2250,None,,,706,591,28,53,0
49,RA 2252,None,,,734,591,29,53,0
50,RA 2254,None,,,763,591,29,58,0
51,RA 2256,None,,,792,591,28,53,0
52,RA 2260,None,,,820,591,58,53,0
53,RA 2504,None,,,592,461,170,96,0
54,RA 2502,None,,,592,352,170,109,0
55,RA 2501,None,,,419,352,124,126,0
56,RA 2503,None,,,419,478,124,80,0
57,RA 2349,None,,,609,164,59,50,-27
58,RA 2345,None,,,586,184,28,50,-27
59,RA 2341,None,,,502,217,63,50,-27
60,,None,,,,,,,-27
61,,None,,,,,,,-27
62,,None,,,,,,,-27
63,,None,,,,,,,-27
64,,None,,,,,,,-27
65,,None,,,,,,,-27
66,,None,,,,,,,-27
67,,None,,,,,,,-27
68,,None,,,,,,,-27
69,,None,,,,,,,-27
70,,None,,,,,,,-27
71,,None,,,,,,,-27
72,,None,,,,,,,-27
73,,None,,,,,,,-27
74,,None,,,,,,,-27
75,,None,,,,,,,-27
76,,None,,,,,,,-27
77,,None,,,,,,,-27
78,,None,,,,,,,-27
79,,None,,,,,,,-27
80,,None,,,,,,,-27
81,,None,,,,,,,-27
82,,None,,,,,,,-27
83,,None,,,,,,,-27
